4 0
1 1 0 1
1 1 1 1
2 1 1 1
1 2 0 1
1.5 1.7
8 9
1 1 1 3
2 1 1 3
3 1 1 3
4 1 1 3
1 1 0 3
1 2 0 3
1 3 0 3
1 4 0 3
1 2 0
2 1 1
3 1 1
2 2 1
3 2 1
3 3 0
2 3 1
3 3 1
4 3 1
1.5 1.5
29 21
1 1 1 4
1 6 1 2
2 1 1 1
2 3 1 1
3 1 1 1
3 3 1 1
3 5 1 2
4 1 1 7
5 1 1 1
5 3 1 5
6 4 1 4
7 1 1 1
7 3 1 1
7 5 1 3
8 1 1 7
1 1 0 3
5 1 0 2
1 2 0 1
3 2 0 2
2 3 0 3
7 3 0 1
3 4 0 3
7 4 0 1
1 5 0 1
3 5 0 5
2 6 0 6
3 7 0 5
1 8 0 2
4 8 0 4
1 5 1
2 2 1
2 5 1
3 2 1
3 4 1
3 7 1
6 1 1
7 2 1
7 4 1
4 1 0
2 2 0
5 2 0
5 3 0
6 3 0
1 4 0
2 4 0
6 4 0
1 6 0
1 7 0
2 7 0
3 8 0
2.6 7.1
37 23
1 1 1 4
1 6 1 3
2 5 1 4
3 3 1 1
3 5 1 2
3 8 1 1
4 1 1 1
4 3 1 1
4 7 1 2
5 3 1 1
6 3 1 1
7 1 1 1
7 3 1 2
7 6 1 3
8 1 1 1
8 3 1 6
9 1 1 8
1 1 0 4
7 1 0 2
1 2 0 1
5 2 0 1
7 2 0 2
5 3 0 1
7 3 0 2
5 4 0 1
7 4 0 2
2 5 0 1
7 5 0 2
1 6 0 2
6 6 0 3
1 7 0 2
6 7 0 3
1 8 0 2
4 8 0 1
7 8 0 2
1 9 0 2
4 9 0 5
2 1 1
2 2 1
2 3 1
2 4 1
3 4 1
4 2 1
4 4 1
4 5 1
5 5 1
5 8 1
6 2 1
6 8 1
7 5 1
3 2 0
4 2 0
6 2 0
3 3 0
3 4 0
1 5 0
5 5 0
6 5 0
5 6 0
5 8 0
7.7 2.1
308 219
1 1 1 2
1 4 1 2
1 8 1 18
1 27 1 13
2 1 1 1
2 3 1 2
2 7 1 1
2 9 1 24
2 34 1 1
2 36 1 4
3 1 1 1
3 3 1 3
3 7 1 1
3 10 1 19
3 30 1 1
3 34 1 1
3 37 1 3
4 3 1 1
4 9 1 22
4 36 1 1
4 39 1 1
5 1 1 1
5 5 1 1
5 8 1 3
5 12 1 1
5 15 1 1
5 17 1 10
5 28 1 3
5 34 1 1
5 36 1 1
5 38 1 1
6 1 1 1
6 3 1 1
6 5 1 2
6 8 1 6
6 15 1 10
6 26 1 1
6 29 1 2
6 32 1 1
6 34 1 1
6 36 1 1
6 39 1 1
7 1 1 3
7 9 1 5
7 16 1 1
7 18 1 6
7 29 1 2
7 32 1 1
7 34 1 1
7 36 1 4
8 1 1 3
8 7 1 1
8 9 1 5
8 21 1 4
8 27 1 2
8 31 1 1
8 33 1 7
9 1 1 3
9 6 1 3
9 10 1 6
9 17 1 1
9 20 1 1
9 23 1 3
9 27 1 2
9 31 1 1
9 33 1 5
9 39 1 1
10 1 1 14
10 20 1 1
10 23 1 4
10 28 1 1
10 30 1 1
10 33 1 3
10 39 1 1
11 1 1 14
11 17 1 1
11 22 1 1
11 28 1 1
11 30 1 7
11 39 1 1
12 1 1 14
12 16 1 1
12 19 1 1
12 22 1 4
12 28 1 2
12 31 1 6
12 38 1 2
13 1 1 15
13 20 1 2
13 26 1 1
13 31 1 6
13 39 1 1
14 1 1 16
14 19 1 1
14 21 1 1
14 24 1 1
14 27 1 1
14 30 1 6
14 37 1 3
15 1 1 7
15 12 1 4
15 17 1 1
15 21 1 2
15 24 1 5
15 30 1 6
15 37 1 1
15 39 1 1
16 1 1 7
16 9 1 1
16 12 1 6
16 19 1 2
16 24 1 5
16 30 1 3
16 34 1 2
16 37 1 1
16 39 1 1
17 3 1 6
17 11 1 6
17 21 1 1
17 24 1 9
17 35 1 1
17 37 1 1
17 39 1 1
18 1 1 9
18 11 1 1
18 14 1 3
18 19 1 1
18 24 1 12
18 38 1 2
19 1 1 9
19 11 1 2
19 14 1 3
19 22 1 18
20 1 1 8
20 14 1 2
20 17 1 3
20 22 1 18
21 1 1 8
21 12 1 1
21 14 1 1
21 17 1 2
21 20 1 20
22 1 1 9
22 11 1 2
22 14 1 1
22 17 1 2
22 20 1 20
23 1 1 11
23 15 1 1
23 20 1 20
24 1 1 11
24 16 1 2
24 19 1 21
25 1 1 10
25 12 1 3
25 16 1 1
25 18 1 22
1 1 0 15
17 1 0 8
1 2 0 2
5 2 0 12
18 2 0 7
2 3 0 2
5 3 0 1
7 3 0 10
18 3 0 7
1 4 0 4
8 4 0 9
18 4 0 7
1 5 0 1
5 5 0 2
10 5 0 15
1 6 0 1
5 6 0 2
9 6 0 16
1 7 0 2
9 7 0 16
2 8 0 6
9 8 0 16
1 9 0 1
5 9 0 3
9 9 0 5
15 9 0 1
17 9 0 3
21 9 0 4
1 10 0 1
5 10 0 10
18 10 0 1
22 10 0 3
1 11 0 3
5 11 0 9
18 11 0 1
23 11 0 2
1 12 0 4
6 12 0 9
16 12 0 1
18 12 0 4
23 12 0 1
1 13 0 4
6 13 0 12
21 13 0 4
1 14 0 4
7 14 0 10
18 14 0 3
1 15 0 4
9 15 0 12
22 15 0 1
24 15 0 1
1 16 0 4
6 16 0 1
10 16 0 1
13 16 0 7
23 16 0 2
1 17 0 6
12 17 0 1
16 17 0 3
20 17 0 2
24 17 0 1
1 18 0 6
10 18 0 1
18 18 0 5
1 19 0 6
15 19 0 1
19 19 0 3
24 19 0 1
1 20 0 7
9 20 0 2
12 20 0 1
16 20 0 1
18 20 0 1
21 20 0 4
1 21 0 8
13 21 0 2
16 21 0 1
18 21 0 1
21 21 0 4
1 22 0 7
12 22 0 3
19 22 0 1
21 22 0 4
1 23 0 9
11 23 0 1
14 23 0 1
17 23 0 1
19 23 0 6
1 24 0 10
14 24 0 11
1 25 0 6
8 25 0 2
11 25 0 1
13 25 0 12
1 26 0 5
13 26 0 12
1 27 0 5
8 27 0 2
11 27 0 1
14 27 0 11
1 28 0 4
8 28 0 2
11 28 0 1
15 28 0 10
1 29 0 6
11 29 0 1
15 29 0 10
1 30 0 1
4 30 0 3
9 30 0 2
12 30 0 1
14 30 0 11
1 31 0 1
4 31 0 2
7 31 0 1
10 31 0 15
1 32 0 3
5 32 0 2
9 32 0 1
11 32 0 14
1 33 0 1
6 33 0 19
2 34 0 1
5 34 0 2
8 34 0 9
18 34 0 7
2 35 0 1
5 35 0 2
8 35 0 8
18 35 0 7
1 36 0 2
5 36 0 9
15 36 0 1
19 36 0 6
1 37 0 2
5 37 0 4
11 37 0 2
15 37 0 2
18 37 0 7
1 38 0 3
5 38 0 1
7 38 0 2
12 38 0 1
15 38 0 2
18 38 0 7
1 39 0 3
6 39 0 9
16 39 0 9
1 40 0 3
5 40 0 10
16 40 0 9
1 6 1
3 2 1
3 8 1
3 9 1
3 32 1
3 33 1
3 35 1
4 1 1
4 2 1
4 5 1
4 6 1
4 8 1
4 33 1
4 34 1
4 37 1
5 3 1
5 6 1
5 7 1
5 32 1
5 33 1
5 35 1
6 4 1
6 27 1
6 28 1
6 33 1
6 35 1
6 38 1
7 5 1
7 8 1
7 17 1
7 24 1
7 33 1
8 14 1
8 15 1
8 17 1
8 19 1
8 20 1
9 4 1
9 16 1
9 18 1
9 19 1
9 29 1
9 38 1
10 18 1
10 22 1
11 19 1
11 23 1
11 24 1
11 25 1
11 26 1
12 15 1
12 20 1
12 27 1
13 19 1
13 24 1
13 25 1
13 37 1
14 18 1
14 20 1
14 23 1
14 25 1
14 26 1
14 36 1
15 9 1
15 16 1
15 18 1
15 19 1
15 38 1
16 8 1
16 11 1
16 23 1
16 29 1
17 2 1
17 9 1
17 17 1
17 18 1
17 20 1
17 36 1
18 10 1
18 21 1
18 23 1
18 37 1
19 13 1
19 17 1
19 20 1
19 21 1
20 9 1
20 10 1
20 11 1
20 16 1
20 21 1
21 9 1
21 10 1
21 15 1
21 19 1
22 10 1
22 13 1
22 15 1
22 19 1
23 12 1
23 13 1
23 16 1
23 19 1
24 12 1
24 13 1
25 11 1
25 15 1
25 17 1
3 2 0
17 2 0
1 3 0
6 3 0
3 5 0
3 6 0
6 7 0
7 7 0
8 7 0
4 9 0
16 9 0
2 10 0
4 10 0
16 10 0
17 10 0
20 10 0
4 11 0
14 11 0
15 11 0
16 11 0
20 11 0
21 11 0
22 11 0
24 12 0
5 13 0
5 14 0
22 14 0
23 14 0
24 14 0
6 15 0
7 15 0
21 15 0
23 15 0
5 16 0
9 16 0
11 16 0
12 16 0
20 16 0
21 16 0
14 17 0
19 17 0
22 17 0
23 17 0
14 18 0
15 18 0
16 18 0
23 18 0
7 19 0
8 19 0
9 19 0
11 19 0
13 19 0
16 19 0
17 19 0
22 19 0
23 19 0
13 20 0
14 20 0
19 20 0
9 21 0
10 21 0
11 21 0
20 21 0
8 22 0
9 22 0
10 22 0
16 22 0
18 22 0
20 22 0
10 23 0
12 23 0
13 23 0
18 23 0
11 24 0
12 24 0
7 25 0
9 26 0
11 26 0
7 27 0
13 27 0
5 28 0
6 28 0
7 28 0
10 28 0
12 28 0
7 29 0
8 29 0
12 29 0
13 29 0
7 30 0
8 30 0
13 30 0
2 31 0
7 32 0
10 32 0
2 33 0
4 33 0
7 34 0
1 35 0
3 35 0
17 36 0
3 37 0
4 37 0
13 37 0
4 38 0
11 38 0
13 38 0
14 38 0
17 38 0
4 39 0
15 40 0
9.7 21.8
87 35
1 1 1 16
2 1 1 16
3 1 1 16
4 1 1 16
5 1 1 16
6 1 1 16
7 1 1 6
7 8 1 9
8 1 1 8
8 11 1 6
9 1 1 8
9 11 1 6
10 1 1 9
10 11 1 6
11 1 1 9
11 11 1 6
12 1 1 9
12 12 1 5
13 1 1 6
13 9 1 1
13 12 1 5
14 1 1 6
14 8 1 3
14 12 1 5
15 1 1 2
15 4 1 1
15 9 1 2
15 14 1 3
16 1 1 4
16 7 1 1
16 9 1 8
17 1 1 4
17 7 1 1
17 9 1 8
18 1 1 4
18 9 1 8
19 1 1 6
19 9 1 8
20 1 1 6
20 9 1 8
21 1 1 6
21 8 1 9
22 1 1 7
22 9 1 8
23 1 1 8
23 10 1 7
24 1 1 8
24 10 1 7
1 1 0 23
1 2 0 23
1 3 0 23
1 4 0 13
16 4 0 8
1 5 0 13
18 5 0 6
1 6 0 13
18 6 0 6
1 7 0 13
16 7 0 1
19 7 0 5
1 8 0 6
8 8 0 4
13 8 0 1
15 8 0 2
22 8 0 2
1 9 0 6
8 9 0 4
13 9 0 1
15 9 0 3
19 9 0 3
23 9 0 1
1 10 0 6
8 10 0 1
10 10 0 2
14 10 0 4
19 10 0 5
1 11 0 10
12 11 0 1
14 11 0 10
1 12 0 13
16 12 0 8
1 13 0 13
16 13 0 8
1 14 0 23
1 15 0 23
1 16 0 23
1 17 0 23
8 9 1
9 10 1
12 11 1
13 10 1
13 11 1
14 7 1
15 3 1
15 8 1
15 11 1
15 12 1
16 6 1
16 8 1
17 8 1
20 7 1
21 7 1
22 8 1
24 9 1
14 4 0
16 5 0
17 5 0
14 6 0
16 6 0
17 6 0
14 7 0
17 7 0
7 8 0
12 8 0
19 8 0
21 8 0
7 10 0
13 10 0
11 11 0
13 11 0
14 12 0
15 12 0
6.7 7.8
115 59
1 1 1 1
1 3 1 16
2 1 1 4
2 6 1 13
3 1 1 18
4 1 1 18
5 1 1 18
6 1 1 18
7 1 1 18
8 1 1 18
9 1 1 18
10 1 1 18
11 1 1 18
12 1 1 18
13 1 1 18
14 1 1 18
15 1 1 18
16 1 1 18
17 1 1 18
18 1 1 4
18 6 1 13
19 1 1 4
19 7 1 9
19 17 1 1
20 1 1 4
20 9 1 7
20 17 1 1
21 1 1 8
21 13 1 1
21 15 1 3
22 1 1 9
22 11 1 4
22 17 1 1
23 1 1 8
23 11 1 3
23 17 1 1
24 3 1 5
24 11 1 4
24 16 1 3
25 1 1 1
25 3 1 4
25 9 1 1
25 13 1 2
25 16 1 3
26 3 1 4
26 8 1 2
26 11 1 2
26 16 1 3
27 2 1 2
27 5 1 10
27 17 1 2
28 1 1 14
28 16 1 3
29 1 1 18
30 1 1 18
31 1 1 18
32 1 1 18
33 1 1 18
34 1 1 18
1 1 0 23
25 1 0 1
27 1 0 7
1 2 0 22
25 2 0 1
27 2 0 7
2 3 0 24
27 3 0 7
2 4 0 24
27 4 0 7
2 5 0 16
19 5 0 7
27 5 0 7
1 6 0 1
3 6 0 15
20 6 0 6
27 6 0 7
1 7 0 1
3 7 0 16
21 7 0 4
27 7 0 7
1 8 0 18
21 8 0 3
25 8 0 9
1 9 0 19
21 9 0 1
24 9 0 10
1 10 0 19
25 10 0 9
1 11 0 19
22 11 0 2
26 11 0 8
1 12 0 19
21 12 0 4
26 12 0 8
1 13 0 20
22 13 0 3
26 13 0 8
1 14 0 20
22 14 0 4
27 14 0 7
1 15 0 19
21 15 0 1
24 15 0 1
28 15 0 6
1 16 0 19
22 16 0 1
24 16 0 1
28 16 0 6
1 17 0 17
19 17 0 4
24 17 0 10
1 18 0 17
19 18 0 4
24 18 0 10
1 19 0 33
2 5 1
19 5 1
19 16 1
19 18 1
20 5 1
20 6 1
20 8 1
20 16 1
21 10 1
21 12 1
21 18 1
23 14 1
23 15 1
24 2 1
24 8 1
25 8 1
25 12 1
26 2 1
26 7 1
26 10 1
26 13 1
26 14 1
27 4 1
27 16 1
28 15 1
24 1 0
23 2 0
26 2 0
26 4 0
1 5 0
18 5 0
2 6 0
18 6 0
19 6 0
26 6 0
19 7 0
25 7 0
26 7 0
19 8 0
20 9 0
23 9 0
21 10 0
22 10 0
23 10 0
24 10 0
21 11 0
24 11 0
21 13 0
26 14 0
20 15 0
23 15 0
26 15 0
27 15 0
21 16 0
23 16 0
25 16 0
23 17 0
18 18 0
23 18 0
21.7 13.2
-1 -1
